<?xml version="1.0"?>
<opencv_storage>
<version>"1.0.8"</version>
<neckWidth>68</neckWidth>
<mcx>360</mcx>
<mcy>248</mcy>
<m_beginRow>245</m_beginRow>
<m_middleCol>352</m_middleCol>
<m_averWidth>208</m_averWidth>
<m_rcnt>1000</m_rcnt>
<faceColorH>0.</faceColorH>
<faceColorS>0.</faceColorS>
<faceColorV>0.</faceColorV>
<tracker>
  <version>"1.1.2"</version>
  <allFeatures>
    39 135 39 148 41 162 44 175 48 189 56 202 65 212 77 220 90 224 103
    220 116 213 126 203 135 191 140 177 143 163 145 149 146 136 48 123
    54 118 61 116 70 117 78 119 101 120 109 117 118 117 126 118 132 123
    89 135 89 145 89 155 88 164 80 171 84 172 89 173 94 172 98 171 59
    136 64 132 70 132 76 136 70 137 64 137 104 136 109 132 115 132 121
    136 115 138 110 137 73 188 77 185 83 183 89 184 96 183 102 185 107
    188 102 192 96 194 89 195 83 194 78 192 83 188 89 188 96 188 96 188
    89 188 83 188</allFeatures>
  <faceOutline>
    48 123 54 118 61 116 70 117 78 119 101 120 109 117 118 117 126 118
    132 123 146 136 145 149 143 163 140 177 135 191 126 203 116 213 103
    220 90 224 77 220 65 212 56 202 48 189 44 175 41 162 39 148 39 135</faceOutline>
  <faceOutlineFeature>
    4.84646149e+001 1.23366791e+002 0. 5.43997269e+001 1.18858101e+002
    0. 6.21382713e+001 1.17063271e+002 0. 7.02935181e+001
    1.17759560e+002 0. 7.81817856e+001 1.20193787e+002 0.
    1.01371025e+002 1.20431503e+002 0. 1.09670052e+002 1.18013802e+002
    0. 1.18260963e+002 1.17384758e+002 0. 1.26470345e+002
    1.19296608e+002 0. 1.32973419e+002 1.23944145e+002 0.
    1.46880356e+002 1.36618469e+002 0. 1.45914001e+002 1.50213104e+002
    0. 1.43986481e+002 1.63670639e+002 0. 1.40844589e+002
    1.77444427e+002 0. 1.35458801e+002 1.91451004e+002 0.
    1.27056725e+002 2.03843353e+002 0. 1.16390259e+002 2.13809723e+002
    0. 1.04102486e+002 2.21286880e+002 0. 9.02883682e+001
    2.24211533e+002 0. 7.73215179e+001 2.20828690e+002 0.
    6.60130692e+001 2.12878403e+002 0. 5.64087219e+001 2.02543335e+002
    0. 4.91840706e+001 1.89942291e+002 0. 4.47697525e+001
    1.75937408e+002 0. 4.19824104e+001 1.62280243e+002 0.
    4.01270523e+001 1.48972305e+002 0. 3.93230820e+001 1.35519302e+002
    0.</faceOutlineFeature>
  <faceJawlineFeature>
    3.93230820e+001 1.35519302e+002 0. 4.01270523e+001 1.48972305e+002
    0. 4.19824104e+001 1.62280243e+002 0. 4.47697525e+001
    1.75937408e+002 0. 4.91840706e+001 1.89942291e+002 0.
    5.64087219e+001 2.02543335e+002 0. 6.60130692e+001 2.12878403e+002
    0. 7.73215179e+001 2.20828690e+002 0. 9.02883682e+001
    2.24211533e+002 0. 1.04102486e+002 2.21286880e+002 0.
    1.16390259e+002 2.13809723e+002 0. 1.27056725e+002 2.03843353e+002
    0. 1.35458801e+002 1.91451004e+002 0. 1.40844589e+002
    1.77444427e+002 0. 1.43986481e+002 1.63670639e+002 0.
    1.45914001e+002 1.50213104e+002 0. 1.46880356e+002 1.36618469e+002
    0.</faceJawlineFeature>
  <faceEyesDistance>45</faceEyesDistance>
  <headHeight>1.7480288696289062e+002</headHeight>
  <faceEyesPosition1>
    6.7768798828125000e+001 1.3486439514160156e+002</faceEyesPosition1>
  <faceEyesPosition2>
    1.1264879608154297e+002 1.3531320190429687e+002</faceEyesPosition2></tracker>
<trackerV2>
  <version>"1.1.2"</version>
  <allFeatures>
    40 134 41 153 44 171 49 188 61 206 75 218 90 221 106 219 124 208 137
    191 143 173 145 154 146 134 114 89 92 85 69 89 69 117 58 116 49 123
    59 123 68 123 79 123 99 123 109 117 120 117 130 124 120 123 110 123
    112 128 67 127 76 136 71 132 67 131 62 132 58 135 62 137 67 139 71
    138 67 134 112 134 103 136 108 132 112 131 117 132 121 135 117 138
    112 139 108 138 96 153 89 153 81 153 80 169 88 164 97 169 105 165
    101 171 89 174 77 171 73 165 73 189 79 185 85 184 89 184 94 184 101
    185 109 189 98 189 90 189 82 189 82 189 90 190 98 189 104 193 97 196
    90 197 83 196 77 194</allFeatures>
  <faceOutline>
    49 123 69 117 58 116 79 123 99 123 109 117 120 117 130 124 146 134
    145 154 143 173 137 191 124 208 106 219 90 221 75 218 61 206 49 188
    44 171 41 153 40 134</faceOutline>
  <faceOutlineFeature>
    4.98680000e+001 1.23471199e+002 0. 6.91663971e+001 1.17636803e+002
    0. 5.88439980e+001 1.16739197e+002 0. 7.90400009e+001
    1.23919998e+002 0. 9.92360001e+001 1.23919998e+002 0.
    1.09558403e+002 1.17636803e+002 0. 1.20778397e+002 1.17187996e+002
    0. 1.30651993e+002 1.24368797e+002 0. 1.46360001e+002
    1.34242401e+002 0. 1.45462402e+002 1.54887192e+002 0.
    1.43218399e+002 1.73287994e+002 0. 1.37832794e+002 1.91240005e+002
    0. 1.24368797e+002 2.08294403e+002 0. 1.06416801e+002
    2.19514404e+002 0. 9.07088013e+001 2.21758392e+002 0.
    7.58983994e+001 2.18167999e+002 0. 6.10880013e+001 2.06050400e+002
    0. 4.98680000e+001 1.88996002e+002 0. 4.44823990e+001
    1.71492798e+002 0. 4.17896004e+001 1.53989594e+002 0.
    4.04431992e+001 1.34242401e+002 0.</faceOutlineFeature>
  <faceJawlineFeature>
    4.04431992e+001 1.34242401e+002 0. 4.17896004e+001 1.53989594e+002
    0. 4.44823990e+001 1.71492798e+002 0. 4.98680000e+001
    1.88996002e+002 0. 6.10880013e+001 2.06050400e+002 0.
    7.58983994e+001 2.18167999e+002 0. 9.07088013e+001 2.21758392e+002
    0. 1.06416801e+002 2.19514404e+002 0. 1.24368797e+002
    2.08294403e+002 0. 1.37832794e+002 1.91240005e+002 0.
    1.43218399e+002 1.73287994e+002 0. 1.45462402e+002 1.54887192e+002
    0.</faceJawlineFeature>
  <faceEyesDistance>45</faceEyesDistance>
  <headHeight>1.5366011047363281e+002</headHeight>
  <faceEyesPosition1>
    6.7319999694824219e+001 1.3419119262695312e+002</faceEyesPosition1>
  <faceEyesPosition2>
    1.1219999694824219e+002 1.3419119262695312e+002</faceEyesPosition2></trackerV2>
</opencv_storage>
