<?xml version="1.0"?>
<opencv_storage>
<version>"1.0.6"</version>
<neckWidth>67</neckWidth>
<mcx>359</mcx>
<mcy>245</mcy>
<m_beginRow>1553393120</m_beginRow>
<m_middleCol>32767</m_middleCol>
<m_averWidth>0</m_averWidth>
<m_rcnt>8</m_rcnt>
<faceColorH>7.</faceColorH>
<faceColorS>109.</faceColorS>
<faceColorV>189.</faceColorV>
<tracker>
  <version>"1.1.2"</version>
  <allFeatures>
    37 133 37 146 39 159 41 172 46 186 53 197 64 206 75 212 88 214 102
    212 113 205 124 196 131 185 135 171 137 158 138 145 138 131 47 119
    53 114 61 112 69 112 77 115 97 115 105 112 113 112 121 114 127 119
    88 131 88 140 88 148 88 157 80 162 84 164 88 164 92 164 96 162 57
    133 62 130 68 130 73 133 68 134 62 134 102 133 106 130 112 129 117
    132 112 134 107 134 70 180 75 176 81 174 88 174 95 174 101 176 106
    180 101 184 95 186 88 187 81 186 75 184 81 179 88 179 95 179 95 180
    88 180 81 180</allFeatures>
  <faceOutline>
    47 119 53 114 61 112 69 112 77 115 97 115 105 112 113 112 121 114
    127 119 138 131 138 145 137 158 135 171 131 185 124 196 113 205 102
    212 88 214 75 212 64 206 53 197 46 186 41 172 39 159 37 146 37 133</faceOutline>
  <faceOutlineFeature>
    4.72659683e+01 1.19926895e+02 0. 5.33219604e+01 1.14693817e+02 0.
    6.12592850e+01 1.12402328e+02 0. 6.96372681e+01 1.12853233e+02 0.
    7.76785812e+01 1.15310204e+02 0. 9.78183289e+01 1.15234116e+02 0.
    1.05672562e+02 1.12676842e+02 0. 1.13904305e+02 1.12080307e+02 0.
    1.21773819e+02 1.14114311e+02 0. 1.27909019e+02 1.19049812e+02 0.
    1.38738556e+02 1.31993958e+02 0. 1.38495132e+02 1.45195602e+02 0.
    1.37411301e+02 1.58334015e+02 0. 1.35387070e+02 1.71697433e+02 0.
    1.31477554e+02 1.85029480e+02 0. 1.24148758e+02 1.96779175e+02 0.
    1.13943909e+02 2.05780609e+02 0. 1.02032410e+02 2.12136398e+02 0.
    8.89319534e+01 2.14706894e+02 0. 7.59788895e+01 2.12349747e+02 0.
    6.41311035e+01 2.06203293e+02 0. 5.37953262e+01 1.97555344e+02 0.
    4.61636429e+01 1.86146423e+02 0. 4.18668404e+01 1.72980423e+02 0.
    3.94379158e+01 1.59649460e+02 0. 3.79241982e+01 1.46491196e+02 0.
    3.72143707e+01 1.33254257e+02 0.</faceOutlineFeature>
  <faceJawlineFeature>
    3.72143707e+01 1.33254257e+02 0. 3.79241982e+01 1.46491196e+02 0.
    3.94379158e+01 1.59649460e+02 0. 4.18668404e+01 1.72980423e+02 0.
    4.61636429e+01 1.86146423e+02 0. 5.37953262e+01 1.97555344e+02 0.
    6.41311035e+01 2.06203293e+02 0. 7.59788895e+01 2.12349747e+02 0.
    8.89319534e+01 2.14706894e+02 0. 1.02032410e+02 2.12136398e+02 0.
    1.13943909e+02 2.05780609e+02 0. 1.24148758e+02 1.96779175e+02 0.
    1.31477554e+02 1.85029480e+02 0. 1.35387070e+02 1.71697433e+02 0.
    1.37411301e+02 1.58334015e+02 0. 1.38495132e+02 1.45195602e+02 0.
    1.38738556e+02 1.31993958e+02 0.</faceJawlineFeature>
  <faceEyesDistance>44</faceEyesDistance>
  <headHeight>1.6307817077636719e+02</headHeight>
  <faceEyesPosition1>
    6.5500000000000000e+01 1.3250000000000000e+02</faceEyesPosition1>
  <faceEyesPosition2>
    110. 132.</faceEyesPosition2></tracker>
<bodyContour>
  321 201 321 203 322 207 323 209 321 212 318 216 315 219 313 221 311
  226 309 229 308 231 305 237 305 240 300 245 297 249 296 253 283 259
  281 261 279 261 277 262 273 264 272 266 269 267 267 268 250 276 248
  278 242 281 240 281 236 282 234 283 232 285 231 287 230 290 229 293
  228 297 227 301 226 306 225 312 225 317 224 322 223 323 222 328 221
  333 220 339 219 345 218 350 217 356 216 361 215 367 214 373 213 378
  212 385 211 392 210 400 209 407 208 414 208 421 207 427 206 428 205
  436 204 443 203 450 202 458 201 471 200 483 199 495 198 509 199 517
  197 520 198 530 196 533 195 547 195 551 195 555 195 569 197 573 194
  576 191 577 190 581 190 587 192 594 191 597 192 599 193 602 194 604
  196 605 195 623 195 637 196 639 198 641 200 642 204 643 204 645 203
  653 202 660 201 661 201 664 203 668 205 670 210 680 213 682 214 685
  216 687 222 693 230 693 234 694 235 695 239 695 242 695 249 695 251
  694 253 691 256 691 258 691 262 695 263 700 264 706 265 711 266 719
  267 727 268 736 269 745 270 754 271 763 272 772 273 780 274 789 275
  800 276 811 277 822 278 832 278 848 279 861 280 865 281 866 281 889
  282 895 283 901 284 907 285 908 286 915 287 922 286 925 288 929 287
  931 287 933 289 936 290 942 289 946 290 952 291 957 292 962 293 967
  295 973 295 978 296 983 297 984 298 988 299 996 299 1005 300 1014 301
  1023 302 1027 303 1031 304 1035 305 1040 306 1044 307 1045 308 1048
  309 1054 310 1059 310 1064 311 1070 312 1075 313 1080 314 1084 315
  1088 316 1092 317 1096 318 1100 320 1103 320 1105 321 1108 323 1112
  326 1115 326 1117 330 1120 331 1123 332 1127 333 1131 333 1137 332
  1141 331 1144 330 1148 329 1151 328 1155 327 1159 326 1161 324 1163
  322 1167 322 1169 320 1172 320 1178 318 1180 318 1191 320 1196 322
  1197 326 1198 329 1199 348 1200 381 1200 385 1195 385 1181 383 1179
  384 1161 384 1159 383 1152 384 1149 385 1145 388 1142 390 1142 392
  1141 396 1137 399 1133 401 1130 401 1115 399 1112 398 1109 397 1104
  397 1099 395 1096 395 1062 396 1060 398 1058 399 1056 399 1054 400
  1051 401 1049 405 1045 407 1042 408 1039 410 1037 411 1034 412 1031
  413 1028 414 1024 414 1013 416 1010 416 1008 418 1005 418 1002 420 999
  420 997 422 994 423 987 424 976 424 966 425 960 426 956 427 953 428
  949 429 945 430 941 431 937 432 936 433 932 434 928 435 924 436 920
  436 916 437 913 438 912 439 908 440 904 441 900 442 888 442 868 444
  865 444 852 446 844 447 833 446 826 447 820 448 814 449 807 450 806
  451 800 452 771 451 708 452 694 454 693 461 692 467 692 471 691 475
  690 479 689 482 688 488 685 490 684 490 681 489 671 488 661 487 651
  486 642 485 641 484 632 484 629 488 625 491 618 493 616 494 613 494
  611 496 608 497 605 497 603 499 600 499 598 500 595 502 592 502 590
  506 586 508 586 514 583 515 565 514 563 512 561 511 559 512 555 514
  553 513 550 516 538 517 534 518 529 519 525 520 524 521 520 522 516
  523 512 523 507 524 503 525 502 526 496 527 490 528 483 529 477 529
  462 528 454 527 450 526 449 525 441 524 434 523 427 522 419 521 412
  520 405 520 398 519 391 518 384 517 376 515 369 514 362 513 356 514
  353 512 351 513 349 511 346 509 334 509 330 508 325 507 320 506 315
  505 311 504 306 503 301 502 296 501 291 500 286 498 283 495 281 490
  279 488 277 482 274 480 274 464 266 462 264 458 262 455 261 453 261
  450 259 447 258 445 258 442 256 440 256 437 255 434 253 432 253 421
  247 418 246 416 243 415 240 414 237 413 234 413 231 412 228 411 225
  404 211 400 207 401 201 398 204 396 204 396 206 395 210 394 214 391
  218 387 222 384 223 382 225 374 229 366 229 360 228 355 227 351 226
  348 225 345 223 342 221 334 214</bodyContour>
</opencv_storage>
